1, 0 7772 2339 19263 466 6902 8395 15791 15589 13475 9152 5096;
2, 7772 0 6668 11754 9790 10961 16541 8019 7878 7525 11617 9123;
3, 2339 6668 0 16929 3663 5723 6790 14239 13817 11178 7729 3593;
4, 19263 11754 16929 0 14948 12737 9844 3776 3879 5790 10462 14396;
5, 4660 9790 3663 14948 0 2244 11317 15210 14530 10908 4496 1025;
6, 6902 10961 5723 12737 2244 0 11168 13858 13180 9587 2277 2160;
7, 8395 16541 6790 9844 11317 11168 0 12805 13289 15343 11340 12282;
8, 15791 8019 14239 3776 15210 13858 12805 0 690 3651 11914 14203;
9, 15589 7878 13817 3879 14530 13180 13289 690 0 3651 11277 13529;
10, 13475 7525 11178 5790 10908 9587 15343 4341 3651 0 7919 9932;
11, 9152 11617 7729 10462 4496 2277 11340 11914 11277 7919 0 4167;
12, 5096 9123 3593 14396 1025 2160 12282 14203 13529 9932 4167 0;
